Timestamp,Pre HRV (RMSSD),Post HRV (RMSSD),Pre HRV (SDNN),Post HRV (SDNN),max HR,Pre max HR,Pre median HR,Ortho max HR,Post max HR,Post median HR,Flag,HRV Pre-Post KS-Stat,HRV Pre-Post KS-pval,Ortho HR Rise Slope,Ortho HR Fall Tau,Ortho HR Fall HRinf,maxHR,HR Recovery 60s,Breathing Rate,Breathing Cycle Time,Breathing Cycle Fluctuation,Mean Inhalation Time,Mean Exhalation Time,Inhalation Fraction
2024-02-20-09-17-11,23.0,6.0,59.3,22.6,98.0,75.0,64.0,98.0,88.0,83.0,,1.0,0.0,1.93,5.0,15.93,18.12,18.0,5.97,10.04,1.61,-3.43,13.42,-0.34
2024-02-21-08-55-31,33.0,13.0,92.8,52.7,93.0,79.0,60.0,93.0,86.0,77.0,,0.8,0.0,2.3,5.0,5.72,26.01,27.0,5.62,10.68,2.47,4.25,6.41,0.4
2024-02-22-06-29-28,42.0,16.0,101.7,42.8,93.0,69.0,54.0,93.0,76.0,70.0,,0.9,0.0,2.15,5.0,6.49,33.67,33.0,6.1,9.84,3.42,4.31,5.53,0.44
2024-02-23-06-56-15,33.0,14.0,103.5,42.8,98.0,70.0,56.0,98.0,81.0,72.0,,0.9,0.0,1.88,5.0,7.29,38.03,35.0,5.59,10.74,3.26,4.98,5.84,0.46
2024-02-24-07-33-00,36.0,23.0,76.9,51.0,94.0,73.0,61.0,94.0,76.0,67.0,,0.5,0.0,1.97,5.0,0.34,27.18,32.0,7.71,7.78,2.02,3.54,4.24,0.46
2024-02-28-07-55-16,26.0,8.0,53.2,24.0,100.0,74.0,64.0,100.0,84.0,79.0,,1.0,0.0,1.89,5.0,3.92,36.4,31.0,8.05,7.45,2.36,3.61,3.84,0.48
2024-03-01-06-35-08,5.0,3.0,24.1,13.0,115.0,103.0,92.0,115.0,108.0,104.0,,1.0,0.0,1.9,5.0,8.77,16.44,15.0,4.36,13.76,10.78,5.91,7.6,0.44
2024-03-02-07-22-59,17.0,4.0,67.7,22.3,98.0,78.0,68.0,98.0,95.0,86.0,,1.0,0.0,1.61,5.0,8.57,29.71,22.0,6.38,9.41,4.37,3.78,5.46,0.41
2024-03-03-07-53-15,29.0,5.0,81.0,19.5,98.0,86.0,62.0,98.0,89.0,85.0,,1.0,0.0,1.95,7.18,15.19,24.56,21.0,6.9,8.69,3.42,4.15,4.5,0.48
